score_list = [-96.59613801529201, -236.0736005326214]
distance_list = [11.651126444163193, 10.434541905787656]
core1_rmsd_list = [8.585634697187375, 8.243076566488138]
peptide_rmsd_list = [84.34253428187169, 80.64830485120252]
