score_list = [1.675756576972617, -338.7090925730366, 195.01299238547676, 125.23555636816758, -424.050521095789, -191.42380590530365, -398.9286000258717, -204.52619146096822, 86.471311252791, -293.4710190622312, 391.74762789811314, 259.2523476078572, -396.19648205266947, -345.5339076279697, 223.57252937692567]
distance_list = [11.96500790602175, 7.1862748015066025, 13.37997060152279, 12.92318812479119, 6.812263944238817, 10.758213854807869, 7.460559819579876, 11.057178526631958, 12.481519220345708, 7.556800470214051, 14.569745913975991, 13.555020570787487, 9.095326953159176, 9.749669415528707, 13.44757308709991]
core1_rmsd_list = [7.500432446698842, 4.033529852363343, 9.417331006643908, 9.46005084949577, 4.6041112346722795, 5.230748517926498, 4.1621271677798415, 6.786906741416338, 9.415304871583135, 4.816712862385043, 10.659305880591535, 10.173631830240415, 4.995499438974819, 5.512496950531724, 9.715487588398563]
peptide_rmsd_list = [78.95973297351708, 92.68806689122114, 78.29126115102109, 78.484793302483, 93.05440046559438, 80.91516354700963, 91.01519123978342, 89.00693168182843, 78.82104402294546, 97.30298039997781, 83.10635442544879, 77.9133524772016, 90.60689576842165, 89.9208175296493, 77.89264558085569]
