score_list = [-92.5625710351892, -170.5180755041838]
distance_list = [11.5829643156784, 10.117214168041734]
core1_rmsd_list = [8.862603094274728, 5.60823224682046]
peptide_rmsd_list = [78.19144529040614, 79.70377303302972]
