score_list = [-464.3102772925346, 59.24159691464547, 17.14900798127985, 69.93369567288721, 202.7348555274761, 55.477622125243556, -512.7147493294417, 39.02744255603557, 57.132859783223466, -53.35201185918834, -326.51947999716253, 180.65921930175568, 57.10799377329647, -308.3850184245356, -547.961419052276]
distance_list = [3.301260941475901, 12.073519960316448, 11.390942660888923, 12.311521172464088, 12.83067730726184, 12.022636419291574, 4.112004980787423, 7.47573138269885, 11.652659687553433, 11.60495578615118, 5.5221512326496285, 12.711704109043527, 12.048728943077672, 10.205054067102758, 3.7135666360799227]
core1_rmsd_list = [2.6641514912447595, 9.959961375073787, 8.031041542331721, 9.0689165780116, 9.993693764534967, 9.843503180190467, 2.55401589506443, 7.4062227648506065, 7.324389769764786, 7.9165225997260915, 4.049928145056529, 9.689076770688281, 9.819200585088304, 5.927273570609931, 1.454806542299731]
peptide_rmsd_list = [93.2342193682833, 74.66056149548537, 75.7087274725377, 76.24876403267155, 75.61483701276349, 74.88955852760088, 92.35641640721698, 80.83924938837566, 82.98768423891231, 78.61659013770608, 92.43445339302276, 74.47914940865127, 74.9132690399557, 82.66556599112015, 91.13354630461075]
