score_list = [-135.99543339086733, -107.55576782170192, -542.1797512125684, -109.0236148694828, 104.27286226952157, 4.165729166205097, -55.08359420046031, -224.55817629807405, 46.00627122704918, -58.32003751494017, -157.85695580596735, 417.5880945931075, -449.55982291622297, 291.3946784955823, 8.40643806111359, 143.07962011769217, 96.20228701732185, -338.74974541679, -408.2442515081092, -464.21843368780003]
distance_list = [6.738199347782201, 10.86328217238484, 5.487620621454118, 10.530995202731214, 12.518867156060818, 6.861318448111545, 11.553532940130776, 10.55575359364447, 12.550486437049132, 11.802041444562732, 9.454832521817472, 14.557423322030038, 6.278497523605632, 13.797052136041064, 11.522965816972807, 12.836366603356987, 12.530843322691693, 5.458441362454287, 6.931313933022957, 4.337482715111868]
core1_rmsd_list = [6.242572391822226, 7.26263369117127, 2.1166299761273235, 7.156201198173646, 9.329900685706658, 6.47412407908175, 7.719631763573351, 7.341525917268776, 8.42999034377992, 7.59113475153255, 5.457873621869705, 9.791871378163538, 3.3203713517705338, 9.96584369371301, 8.578943861806502, 9.494589326654054, 9.297088814329847, 4.103699822777494, 3.45657896471703, 3.409438756722405]
peptide_rmsd_list = [81.1560286365194, 75.70479788851408, 90.48863777343485, 75.53666435536199, 76.16513821946062, 80.83627873292072, 76.72362984826064, 81.62526830058144, 79.85254701332859, 78.30242245081513, 79.65960504448151, 75.17254866500701, 91.23147764189035, 75.50835955198795, 75.61199959575345, 76.0320851043032, 76.20985470719772, 91.1922494644707, 87.39597020552195, 93.88038262459344]
