score_list = [-311.16533592000576, 228.21151701399486, 90.1051803248148, 73.39994177356061, -39.17314481353651, 86.278774809693, -465.5699374914558, 24.576386255003285, -13.541500535012233, -468.56897395258557, -111.6391435544856, 17.733507540729875, 130.7959710280524, 12.100051182257289, 90.5907692051232, -76.31699139605178, -443.9715155291681, -402.1191289361957, -548.4161998217081, 92.29105510405043]
distance_list = [8.815018314034498, 13.198638713148707, 12.644273708705278, 12.543419069314664, 8.90717092644639, 12.633740296168343, 4.320715978340595, 12.230954579039569, 11.10321915130356, 5.272629749474552, 11.640536921815395, 12.051534764400571, 12.45124571635303, 11.358828167568905, 12.459241507450773, 10.586351534126788, 3.8926320309230196, 5.814792267602838, 3.6208387280855954, 12.455536353063964]
core1_rmsd_list = [6.149892880579927, 10.520280634692195, 9.956856435692089, 9.914441836566539, 5.8995359267324865, 9.949834852180539, 3.4463432973613335, 7.926960389473106, 7.153137818751188, 2.425777088038935, 8.471642694249832, 9.543144435076, 10.025641456784426, 7.917827556737465, 9.145170402804979, 7.784462398478128, 2.7185635365408602, 4.53749411174875, 1.5014308261829206, 9.159220844758522]
peptide_rmsd_list = [79.39880141617523, 72.98857962787403, 73.0728081277551, 73.20424768434648, 79.91227864568133, 73.12238994440948, 94.79178644547105, 76.91662868541792, 75.70993954086711, 90.08962616067335, 78.53371004504069, 75.1176826230282, 74.0273530911988, 75.3297324369111, 75.7959078413477, 77.09574670786405, 93.14091186732153, 90.95325054528176, 91.38823224423325, 75.77067774425363]
