score_list = [358.12371993597264, -41.251436257992964, 341.7192389752853, -96.22870607335778, -497.1538286239926, 157.96649828734348, -238.23749750469267, -552.1667140426598, -256.99843876065586, -381.8550105856815, -262.1084124302695, -468.594488822211, -104.53472200529689, -345.43487161971507, 203.81862840386532, -411.5918481690587, -252.5220252032591, 65.25864201513457, 201.47237321199026, -56.52484373175196]
distance_list = [14.403326902926837, 11.263815196419984, 13.082528611137006, 11.561101752230558, 7.234270701575235, 12.297889143138063, 10.467162369454858, 4.517564016433595, 9.992219596343306, 6.339028350437587, 9.915077287307, 3.9825935016003413, 11.45742832410506, 6.583101580614186, 12.77115273780462, 6.533865467879115, 9.995997724399457, 12.106029718523134, 12.853970085803349, 11.725792375366172]
core1_rmsd_list = [10.528445795487071, 7.989102605070687, 8.275430228773848, 7.3762316790485905, 3.449080625043876, 9.4653517371796, 6.2938519899241525, 1.5134864256999767, 6.113408764711167, 4.316791611162751, 6.09567689296092, 1.588508088562424, 7.313693277910609, 3.709613936693746, 9.338429931265036, 3.630371767779004, 6.1928121452480935, 9.754931354988724, 9.482486924354948, 7.460680591867165]
peptide_rmsd_list = [75.3532791891228, 77.50070878855733, 73.78989242060067, 78.18571568396926, 87.23063026554318, 74.72671436859802, 81.40682367157623, 91.33123126308439, 80.29969874285379, 88.2081136718117, 80.26820509945934, 92.08551125307619, 77.59291230111282, 82.957881744769, 74.7949977041689, 90.28413728245883, 80.3100558488253, 74.26656465408651, 74.37176737707345, 79.13902691596292]
