score_list = [68.35527151264307, 97.24881912726255, -127.21146391244963, -120.27740600785762, 7.318766709619695, 108.31319834617943, 101.15427202305233, -153.946988754392, 380.8254269844858, -358.00701099356706, 71.64715618260635, 439.4844226537623, -431.2689072930665, 107.95599983160628, -377.36498020348654, -377.1678079538117, -478.66234150407, -263.07435152269295, 124.64532833294459, 228.38540124765655]
distance_list = [12.225383717533512, 12.340685985077346, 10.533614189484902, 10.615392353844177, 11.289989699394576, 12.361905506900545, 12.35025312952925, 11.126720694234024, 13.384118274388936, 9.472449697097987, 12.212390110718434, 13.909956303065282, 5.211183390537396, 12.363823698386696, 9.253950554597253, 7.18905825556068, 5.108595683477285, 7.9557199197969855, 12.417743446171144, 13.396913966665583]
core1_rmsd_list = [9.338836413564557, 9.25778425288087, 7.160726243509939, 7.189764568083869, 7.856727738735528, 9.327341919577883, 9.323395442085921, 8.363889830511052, 11.050913391960428, 5.325376038312219, 9.360949881125105, 10.754447403027628, 4.064736693806345, 9.3161892257553, 5.0321471452160935, 6.260110156464331, 3.7094855186087083, 4.475579908612768, 9.40369597257898, 10.074872027558275]
peptide_rmsd_list = [74.65574261719156, 73.41511294936006, 74.68350701267084, 74.76989681562367, 74.70981374860108, 73.2470387201632, 73.47800322533716, 77.22646601594137, 73.15187853787309, 82.11289694429075, 74.96424869205956, 72.41248553349168, 89.5856236645111, 73.2371477698454, 83.86360835434714, 86.34035596887551, 89.29022918490502, 89.78137088984657, 73.13126514399548, 73.69515797716879]
