score_list = [-155.6716643802465, -530.8546926364404, 196.10935820002305, 35.743307264244436, 233.95717445521706, -369.7735755582554, -34.75700775205871, 231.02265049607672, -431.502889936575, -385.59934740362075, -456.35993973715836, -387.0515169604033, -72.62897239566985, -410.36249334840477, -44.46124362869102, -341.14130395066877, -446.44080618617727, -447.4203013327999, -320.1681260696861, -259.3709552159181]
distance_list = [11.39489029711643, 5.952970254276573, 12.622192095544321, 4.266284149916696, 13.662073650018826, 6.537117763170283, 11.614978649188146, 13.134012286313746, 5.408005313179024, 6.638818466653605, 4.362664562890663, 6.655987934507993, 11.848813567905658, 7.325923157996088, 11.026463008421416, 7.555174907961177, 7.312772953774111, 4.687355488446653, 9.695073260858951, 8.412191193713737]
core1_rmsd_list = [6.6633591398083745, 2.5511840178136733, 10.159267347070372, 5.333927055815212, 8.886654519745793, 4.623094156696992, 5.789366610244811, 10.439596585523402, 2.73936146258119, 4.462889093552177, 3.2665280180837564, 3.8689003397989095, 7.572029791143844, 3.4743713388451667, 6.598677577398181, 3.810971703772801, 3.8795127216729117, 3.5239934192530606, 5.304964185287074, 5.062501623499539]
peptide_rmsd_list = [78.82694953080585, 90.50026787782318, 73.29337315473246, 87.50397567562023, 74.95424131984608, 93.35830279452752, 80.72360243908649, 76.04864249876029, 89.79850103713515, 92.61078360727112, 94.1900922865734, 93.27072549390869, 76.53248417503023, 86.79891568675005, 80.52808772977627, 85.56547319489228, 82.49842327406317, 93.28626047993698, 82.81373670713397, 88.81198111406779]
