score_list = [-353.2960306795237, -91.85441895041527, 28.19118155276533, -355.45128667380664, -360.7777770189896, -223.91744511069305, 1003.5168593140753, -295.27664940305294, 181.76408953682272, -179.80527451628018, -331.96919182799934, -386.72544720929454, -382.58325778749565, -153.01705893526344, -438.99341975487164, 117.49496129343913, -239.98661464842053, 29.620052476310548, 79.53575063324934, -405.1074657798083]
distance_list = [9.452088112857997, 11.468457413450023, 12.355938473412131, 7.222904201872775, 9.381889684262566, 10.854137317114084, 10.935423836175543, 9.415321486620927, 12.858606117095034, 11.02264432994165, 9.269981444888991, 5.878294533690032, 5.878389228863145, 11.47754044757579, 7.331662018436604, 12.772048129407082, 10.587391746633974, 12.002183449328028, 12.499841389877453, 4.78410645766079]
core1_rmsd_list = [5.131283700460207, 9.083623857924367, 8.347405434478654, 4.064662945065009, 5.110027707827828, 6.535882227196081, 8.39791484365446, 6.203349221463088, 7.692213637766545, 6.586248316121147, 4.443789451295978, 4.047862905083875, 4.187903451861928, 6.794978244983397, 3.8917748909414804, 9.753756403045427, 5.9946619884973975, 7.483712041350357, 9.359067463371742, 4.171342423462711]
peptide_rmsd_list = [82.5482954759311, 77.71467849618249, 77.17533605228674, 90.16201451552305, 82.65260684139716, 79.46028196153388, 77.79443005146125, 86.84300095293736, 75.35704902884834, 79.82713194528914, 86.7485940084843, 93.66286768524218, 93.70357824623147, 78.16451492373666, 84.396381063755, 76.1998854188842, 80.87150338523772, 78.8130933469553, 75.14926901910617, 92.83489096167933]
