score_list = [94.21885302700196, -364.34149844633873, 367.7884473331661, -561.1008989508301, -236.68013416915835, -566.2306139205202, 68.68115495956158, -405.7083944513065, -157.63771250305433, 97.21897765635947, 206.10244799741673, 207.48212308327209, 65.87444774225418, -538.1544551619716, -195.1232173599319, -448.3217709259528, -181.52503911906683, -405.5481859001093, 109.97116972431144, -449.157273383498]
distance_list = [12.426744895815592, 5.291417277990971, 13.706208279452744, 5.030874079651044, 7.742366989163671, 4.183731674167441, 12.322459078713784, 5.1605783755846435, 10.773168763509435, 12.438776030001991, 13.20433823594756, 13.345144283492152, 12.460213875938338, 3.7662146446721314, 7.1007749504880096, 3.5024238304494695, 10.646600079095276, 8.474011474148465, 12.528007258379168, 5.603577793541424]
core1_rmsd_list = [9.415606245725808, 3.8627375366987584, 11.094097548212538, 1.8695508700401822, 5.327988134134875, 1.335594030794586, 9.377937755133637, 5.8449444609902415, 6.509563330433807, 9.432158505020082, 10.000258398748928, 9.50135238902076, 9.248657393906534, 1.6690118753424468, 7.263083412959993, 3.8782795460554307, 6.896188506932502, 6.80238220217735, 9.522860325403917, 2.8002207288033123]
peptide_rmsd_list = [75.59450105789097, 91.7193926439624, 72.12644266728036, 88.9018526823751, 92.67500269850092, 90.65978851853126, 72.90498384657941, 84.54817170432831, 76.46568104263223, 75.52203250182791, 73.67756695426677, 73.02363748184793, 75.41479875212856, 91.33038657803424, 84.29350042411055, 91.73545789535795, 78.85102828051711, 82.24884854556807, 75.61029639537476, 91.12327854443673]
