score_list = [105.21608381316094, -413.6794772075839, -103.3393705674564, -399.14009404270905, -48.44195664034828, 62.69791752988016, -456.61284514255067, 102.17625832261888, -114.13529487631354, -100.04594718822716, -179.7711449590405, -136.92314236614595, -209.25636169482982, -425.8896233058223, -103.8320987366327, -415.26853531709264, 184.48366920962673, -473.2585496786319, -450.24423135270933, -74.7132575054311]
distance_list = [9.901313316134278, 4.254827858503344, 11.199954375787817, 5.3289673864193166, 12.058603467886964, 12.563848488263384, 6.152991134807181, 12.493907700513828, 10.339760170466738, 11.075808846704284, 10.793433232748422, 8.018732431488832, 6.667288058360059, 4.536040052515179, 11.211991866623343, 5.635039770192672, 12.828016176216817, 4.310735977760323, 5.607576535957007, 9.219449789251145]
core1_rmsd_list = [7.158720252184458, 3.977077785684269, 9.102970322438, 4.440068027183297, 9.128080998224128, 9.213827685283489, 3.5267092102474606, 10.298478554606803, 7.345763980618275, 8.953579093082242, 8.195556184956002, 4.89714952334207, 5.028271289918362, 5.235011641354323, 9.104456704289802, 3.039981401781319, 9.675174024568628, 1.6570840242589964, 2.9032718352245817, 4.888885028659347]
peptide_rmsd_list = [78.02590142215277, 95.45191446393808, 76.53771469958495, 90.30071718143317, 77.94046511903863, 78.38164888178942, 91.74826209615209, 74.9379624871748, 80.58874376997217, 76.52789558566714, 78.51290643324128, 83.14569922680496, 79.09654357874469, 89.36142851309174, 76.46294813790884, 93.92865630274687, 74.25056345042321, 88.6393776337233, 91.54548530618649, 79.2047354435519]
