score_list = [202.5542089355077, 16.88363083652837, -337.62936764561994, 355.46709194836455, 133.3728955764604, -462.5123420336821, -6.42115739421979, 288.30884464031067, -214.6967324224828, -375.23862590248405, -20.6112382732166, 242.33512766433745, 187.25037812037658, 1920.9429544120808, -421.94231207153393, -251.72865884392422, -497.73459440526324, -453.6070126181809, 172.40810151129614, -20.502385698551848]
distance_list = [13.434156373466115, 12.004172689279383, 7.6442255740314415, 14.287030993663377, 13.070119679119337, 4.088499663463085, 12.427520724018144, 13.633402997671102, 6.582311556797533, 7.86574752611514, 11.475085447874493, 13.54093762255491, 13.299250629303401, 18.501996337125576, 4.001885847018463, 10.26707411534145, 5.755070284628659, 5.780163082732265, 13.189128349738336, 12.243628184043128]
core1_rmsd_list = [9.832107453948979, 8.87163306377627, 4.279228418528087, 10.646736882194173, 9.363227594802968, 3.488465504486779, 7.848375936840005, 10.630933897490172, 2.9089544112466132, 3.862932911759807, 8.701136751268214, 10.313910066671786, 9.842441076223869, 16.77963476472348, 2.534366891601587, 7.066529200380985, 3.281444832824294, 3.0910011474258114, 10.154369496475013, 8.845649697791968]
peptide_rmsd_list = [75.70633931388382, 76.13883708338524, 94.00450620825468, 76.60518001139403, 73.73981941682908, 95.75042078242366, 77.27063467468429, 73.11628113418307, 92.25248725915625, 87.59434096975134, 76.54564176333427, 74.91491402834141, 75.64275045899596, 73.86310160072688, 93.2724251496925, 78.79387419948264, 85.65067098904659, 90.48916641107584, 72.92477062866358, 80.48577699871336]
