score_list = [-319.35898673321685, -433.5746064315887, 205.06897548747696, -459.00980023545935, -483.4613767710256, -388.3443060222439, -350.9662906927765, -466.3867144185773, -26.424263897796322, -415.6944178918777, 335.60233257810853, -491.10372269195807, 57.418841635793456, -376.61304881775675, -457.0593017656821, -343.19308314455077, -408.01913712547014, 148.57895385920654, 188.7796396786373, 43.517466030610535]
distance_list = [6.643555804511453, 5.501659343108573, 13.1581036151599, 5.2022108212478715, 4.187969156274729, 4.286246656156769, 9.337389112520396, 4.648843122762098, 11.635026430252632, 6.49390554431942, 13.809677401476568, 4.237543741094106, 11.720280399778312, 5.236625227162239, 4.446728613432476, 4.9771457547166, 4.499101249388493, 12.976313333412191, 13.006431967141522, 11.774285785873387]
core1_rmsd_list = [4.579782105838042, 3.4793525611183616, 9.75783783304509, 3.1281949681141343, 2.8263194785928314, 4.332780269472603, 5.175424034274922, 3.1175812694893, 9.205964329890215, 4.216000126029839, 8.466712492702907, 2.740660229432123, 7.50602329652149, 4.189579682025917, 3.5188043411501475, 4.029664177948964, 3.7857632710177813, 8.28786378566797, 9.896324184014473, 7.5064518961806534]
peptide_rmsd_list = [94.93022325440084, 93.83236555672819, 74.89557470715447, 94.5904729641327, 95.50026981977247, 96.92862550626106, 85.27355918747192, 94.92475763417413, 75.80567542865522, 91.74610660729131, 73.37130068953667, 95.43642086249311, 77.17231693935838, 96.2281020198855, 95.44762897325782, 94.92338357061175, 96.65702370474489, 76.92992167463719, 73.42269850743963, 76.86117981262917]
