score_list = [-393.16748616514064, 141.96052216050748, -100.79680252269088, -327.87482813670124, 411.8996084920944, 7.096380023125107, 115.51675943923306, -319.3335461985856, -347.17011291543577, 48.40512151616463, -473.9493159770377, 665.1517431033828, 41.725202355696865, 66.7304395741699, -5.871836262676879, -466.8430385795866, -179.82841009585775, -315.8236694830588, -347.2056823196683, -521.964444985527, -156.80865310009233, -537.3334631156786, -167.43814444531813, 152.3594767945039, -33.57713440812029]
distance_list = [6.849611244904165, 13.029318206787867, 11.588462182111142, 7.114446110609927, 14.472993507907692, 11.775846100627609, 12.669757758296715, 5.56043756825686, 5.7408213757516595, 12.446069411737335, 6.746586246983558, 13.16753799060258, 12.181367211901781, 12.552880725225302, 11.773543572598747, 6.960372987175541, 11.14371465610181, 5.662538940389416, 5.927572764918269, 3.49181421172549, 11.345598640067081, 5.540892105614572, 10.761648874569932, 12.289101169565622, 11.444572830466255]
core1_rmsd_list = [3.3811175565163882, 9.32469869464407, 7.1568674623013635, 4.290220780960533, 8.853371912002618, 6.656876248655866, 9.734539722098537, 5.021383282813308, 4.164099577685074, 7.987807408782709, 3.098753011740972, 11.458384746319082, 7.341577444286575, 9.598588469515397, 7.74944818940681, 3.24261534847493, 6.757876062323265, 5.073832226986772, 4.213610295901, 2.8845248571904833, 6.863688122305157, 2.237427823519382, 6.655909309970841, 9.15386743064632, 5.624051833128769]
peptide_rmsd_list = [89.46313334632121, 77.94092645526136, 77.33147664505152, 93.44809534308054, 76.86894668229812, 85.94647210686502, 75.09871577542327, 92.50852371863493, 93.40753011565248, 76.63989668502491, 88.9389564294043, 74.1218999303387, 78.1523209728259, 77.05831511067522, 75.495686945087, 88.40300349918967, 78.56966957392154, 94.63356432244409, 93.30532467647372, 94.2948739127561, 78.82726253223782, 90.52885188612493, 77.67253355866862, 74.70486372696752, 80.08318264384751]
