score_list = [-190.45692520147816, 158.8604708472185, -177.37967400773016, -500.26116126274746, 128.39808961057741, -286.1297638847175, -339.0543761583516, -335.4900804414641, 85.96791851126676, -407.26122634543185, -247.51839639579669, -279.8044204512322, -244.53811441163884, 216.87174180477905, 629.7877781208255, -406.08805124476226, -414.4431387041086, 133.533684766987, -162.9822230006332, -180.52960982760658]
distance_list = [11.029057739093107, 12.832408222209118, 11.183134590954081, 5.897737930377204, 12.89839797358509, 7.988019413787562, 5.254363134392826, 9.411981108667701, 12.616383802835308, 6.4464465461798905, 7.953847677329384, 6.50254717644648, 8.517236298623693, 13.31401194325234, 12.851700877974848, 6.419659944305204, 6.039785031940394, 12.905839518929849, 11.29271108897246, 11.185340265572385]
core1_rmsd_list = [6.419092510407214, 9.977207763398482, 6.5241408988722585, 2.6140507685683185, 9.941065677930837, 4.314658948162715, 4.637277303231196, 5.1092024517128705, 9.881524301811247, 3.261946430142996, 4.558769135150869, 5.154834248121924, 4.646025205835706, 8.504675646908394, 10.781905966809763, 3.2739909743189215, 3.579517693276147, 9.809801200088982, 6.716273992815418, 6.824697490398338]
peptide_rmsd_list = [79.7055354064303, 74.9574741065034, 79.34223972819514, 90.46315311903078, 75.32796122674827, 90.3666626195293, 91.69248225293939, 83.35889562639912, 75.70455990692079, 91.43011876708042, 90.90847436582087, 93.9473882409589, 88.97308227625386, 76.2501235648284, 74.2519651453205, 91.43653753907545, 90.63081864995605, 75.21334792711284, 78.81662346866493, 79.5930280300101]
