score_list = [-24.921828518940288, 30.258603821008705, -392.35505252597613, -390.51320323220875, 67.70803333799296, -391.6621439216136, -435.9488791028256, -382.0696011549803, 189.8712798363486, -369.3577124113468, -363.3953354013445, -383.92652766621984, -35.96238842131163, -21.051514306907734, 317.2908410899065, -61.23554143957506, -427.56573499667786, -404.65099594004744, -40.995532498378566, -446.28754163339863]
distance_list = [12.026833115796727, 11.98755708767289, 6.22532330617144, 6.090784831730981, 3.592837961441561, 6.372727461478482, 6.245255401426623, 6.770416047860725, 12.969712198712239, 5.626105642081859, 6.427447093437487, 6.067431757100951, 10.804938788084907, 12.273003116246855, 13.220028489522958, 11.15981003568785, 7.116456038404183, 5.757291413294247, 11.896791370164726, 7.401010996539509]
core1_rmsd_list = [9.179918802832539, 9.155653811172513, 3.9105999217590703, 2.9714530527969045, 6.65519709739398, 3.824972921128559, 4.138622718605873, 3.320193739616512, 9.69537178959646, 4.752118952631361, 3.3990997601395336, 3.016319576636044, 6.7676137556577585, 7.64104899449442, 9.068735255286153, 7.413706446610237, 3.1927400919236297, 3.974645905096335, 9.14732562322667, 3.418149953702466]
peptide_rmsd_list = [76.37693748198595, 75.04744049946383, 90.90118619718557, 91.75754599648367, 84.97779905160593, 91.79205506469502, 89.86302654048583, 90.70560231437669, 73.69931746015025, 89.54470600337275, 92.26052620625256, 92.03797045777976, 78.68934662605037, 82.61158671297555, 74.32095644922002, 79.12627494439829, 91.00352785867878, 92.48045507933941, 76.9458485557703, 90.58457272918271]
