score_list = [-112.071206132778, -347.5384434806298, -66.68337546128566, -570.7724960562562, 79.42658889882443, -149.2787137388907, 107.72734967365716, -73.73997064241735, -553.3553864935562, -384.6883130811575, -548.7040097764155, -475.7020901906317, 43.47054462886649, -104.45823818872395, 42.591842947779696, 82.61352051255676, -447.08188215252073, -515.3702310534758, 77.28436302289117, 103.72437079283776]
distance_list = [11.28662417094274, 5.372779492827362, 10.333630255708359, 3.8869876128266343, 11.795535255721234, 11.297831944768754, 12.558824275812931, 10.925769933615204, 3.5107373128374397, 6.440321176975507, 3.577407715412852, 4.5129035544055345, 7.213915245212266, 10.80284267525166, 12.269171410829575, 11.907083777091184, 4.0283802334413235, 4.131247920619533, 12.365550419720336, 12.51756855203804]
core1_rmsd_list = [6.401897372967404, 4.28758545622636, 9.648999647236188, 1.1336388225338423, 8.204812912486133, 7.109941261226466, 9.316689067014227, 7.496894738410513, 1.2577606809399304, 3.7563811061741204, 1.5263210413577053, 3.4044181790008317, 4.767063102937209, 7.361280233352713, 9.833339550251175, 8.278495246710728, 3.9566203983498895, 2.412928962499538, 9.338436755801196, 9.277469847318194]
peptide_rmsd_list = [77.52221025628432, 93.26993478057007, 75.75359115449781, 90.89185617401816, 75.48052559812719, 78.63617943112827, 76.41828214643056, 77.70815913258305, 92.23166651550774, 92.59358292721674, 92.68193946524296, 93.50224682318888, 82.28225524559262, 76.06655262415967, 76.55638741056792, 75.37134819031898, 91.37386391074197, 93.63974436243703, 75.84287264033556, 76.39537118584566]
