score_list = [-96.03693938412982, -462.5096862672103, -530.633725703651, -170.10041404118306, -66.66674159689785, -353.56346843029803, -6.723532401170132, -265.0190196221438, 208.10907568102328, -31.130201376965715, -539.0527073074836, -266.2697387884218, -540.7780397795086, -155.329614487885, -373.04655750275765, -519.4652620180851, -486.68636339874786, 121.88824766733262, 106.70140780072825, -101.78235484938716]
distance_list = [10.684976187403395, 4.302813096714015, 4.415392864595645, 11.280101064800931, 12.036124638107816, 5.169777203848754, 11.801091809273165, 6.349913954157786, 13.31079605716802, 10.97756185889492, 4.247113007435519, 9.140557531197928, 3.9257682239280918, 11.192636346572163, 6.757542501464008, 3.4653675097962506, 4.2851299647187195, 12.841952859156025, 12.675244992749684, 11.50398714661655]
core1_rmsd_list = [8.236825061549693, 3.9684536732426317, 1.949732980444534, 6.846620137582051, 8.781118779045375, 4.045120710493287, 8.211871156899223, 5.922193751503832, 10.351333096923632, 7.404272531842817, 2.2143509401192896, 5.883251313574926, 1.304377536340687, 8.131237504709798, 5.1371742393693935, 1.9566559799841678, 3.281118084761883, 9.314290541915137, 9.304379973017925, 7.086014992614216]
peptide_rmsd_list = [76.190998060874, 90.84246309579076, 92.67047093305546, 81.5696331187056, 80.11805728769033, 92.28562132840614, 76.33928295390704, 81.63727239037696, 74.45111084152484, 76.12027065754408, 94.18319128295107, 79.45237116436662, 92.13519542564671, 78.96779026363487, 91.57001658957307, 93.30823256278734, 94.23221473577782, 76.09081130238447, 76.29501879113494, 78.6588231821988]
