score_list = [-199.42139838100752, -304.6026004270967, -71.04017115937609, -6.27283752665528, -255.8546242285912, 119.07947441862598, -452.1264650101125, 218.46728004602676, 123.1380427829722, 72.60907206414657, -214.05571978943226, 44.61410972435772, 130.50574314761587, 20.854325336274883, 8.275727110507091, -253.48549012487194, 185.15150535561276, -278.3284620164583, 60.73188897670411, 128.82925065807353]
distance_list = [10.948996912549916, 6.4769184888412115, 11.797477231600588, 11.557600122397574, 10.196067752558138, 13.017567102888679, 3.774878505806997, 12.965804586902651, 12.648318315693352, 12.442492604191468, 10.489360586997437, 12.529088307820203, 12.693463343494917, 11.655025199719416, 11.410978587769906, 9.321432467918578, 13.26208339929268, 8.112973346014886, 12.355973821979193, 12.669784886641615]
core1_rmsd_list = [7.891674534709637, 4.5924541418036755, 7.494878087622447, 7.824382513876719, 7.415494903263362, 8.961166828571237, 2.8415822713944876, 10.667975692493128, 9.326822885983047, 8.123139850542993, 6.862831782444984, 8.504716462236756, 9.327004830751418, 8.66697756412575, 7.555744188236052, 5.173312296922001, 10.266692863420612, 4.933539230738681, 8.058165945793668, 9.35104290996717]
peptide_rmsd_list = [78.30627348142929, 94.38347370236656, 77.38888225121374, 83.09151707233974, 78.53614817191355, 79.57491332429628, 91.82182355874473, 72.1461003160755, 72.78086942441382, 74.46820030884975, 77.47016316444893, 77.45436566222011, 72.71069622927922, 72.2353427498678, 73.3138921219904, 85.91126798008638, 71.71201709646789, 77.66488774600413, 74.55044214328322, 72.75143076393536]
