score_list = [-528.6677619596554, -467.58334164289124, -223.4663132983386, 669.8241398330808, -377.0508764863324, -353.0880633658271, -355.92979827222587, -447.2735540376567, -528.2621731363531, 72.9869804054212, -403.98101171316785, -114.5641352795925, -523.6551493229539, -483.14899536480164, -132.8634989930216, -238.88105580215097, -34.108293220925816, 176.0749730904338, 21.874962409117074, 63.421781438313474]
distance_list = [4.070770338196882, 3.8787732107710555, 4.14354618027873, 7.3193207676380885, 4.717046453247884, 4.813603743813588, 5.41987502253005, 4.674002094640122, 4.908345922731907, 12.422432582561644, 6.09203370363109, 8.504790474330123, 5.015318371851855, 4.1070980036792335, 10.95827312659572, 10.397485392722361, 12.130467216168991, 12.95283896106638, 12.343013587611965, 12.126355701969546]
core1_rmsd_list = [3.2729818303034133, 4.416394765634821, 4.588288545418369, 6.622273804187809, 3.9045174854914113, 4.210581495265845, 3.8969431623549897, 3.326910441289429, 3.153925420490281, 8.376007292833268, 4.405931558624694, 3.0022666368731623, 3.148578252395901, 3.8812119634853395, 8.941585485477855, 7.629822922878445, 9.085536925774978, 9.629561813796567, 9.943682481943739, 8.172647132372939]
peptide_rmsd_list = [91.11077837581715, 83.34367217826694, 83.11131412097726, 82.70550703847445, 94.82045018576623, 95.35911810270612, 92.74628361050551, 93.21436229941476, 90.54507910308662, 74.80306147760062, 87.42085669265161, 88.99002149304681, 90.36426677586698, 92.11622866028672, 74.73218846668976, 78.1844583764207, 76.7114835781518, 73.61040399130692, 75.22174463426298, 73.86188153918843]
