score_list = [-312.20614005059224, -471.2481048694667, 119.46150715772285, -559.6180059236051, -383.0847719126832, -508.44047109457733, -424.89574572810045, -10.921953150292438, -60.65819096767018, 221.52064958068274, 122.47126147008527, 449.4724648881121, -203.67057860304658, -91.54534451236759, -54.82564848180391, -68.36801139272609, 126.08496366785539, -433.0379644676209, 152.32752743219515, 136.85004370473558]
distance_list = [8.989766643472471, 4.39504879069473, 12.58203882656412, 4.686707605018599, 5.4373343154109115, 3.399687581060643, 5.442389445154184, 12.05685418446071, 11.191909904139905, 13.541214914323353, 12.727776713945886, 14.164875052384563, 8.470358975501611, 11.225188100373966, 11.374918788505077, 11.36036616113216, 13.022159509355099, 6.565992877635547, 13.276833569948767, 12.967034144542708]
core1_rmsd_list = [5.1455545741479565, 3.463182939739009, 9.649703865492786, 1.6417227797526615, 3.961510457773357, 2.756206512203976, 3.4507294075464947, 7.84553542837754, 8.466016320434164, 9.679768929061689, 9.466654791880371, 11.222993834069769, 4.884569895322128, 7.609099520348671, 7.60736640053314, 7.625480869782462, 9.201027584456742, 3.1863259156058166, 9.685856528357391, 9.18041372699123]
peptide_rmsd_list = [77.91134524189323, 94.23202500927987, 74.46154328536872, 90.56719940727645, 93.50228476120364, 93.85212218428182, 93.11245891669056, 75.28808073603355, 73.660485942023, 73.89332042728105, 74.66834365882153, 72.03065631454643, 87.96894020617134, 73.76455304033446, 73.66852151222929, 73.75885112581867, 75.41715853540249, 88.5492168211298, 73.6903362698431, 75.41739330601993]
